alphabet 125abrz
states: 0 
100 101 102 103 104 105 106 107 108 109 110 111 112 113 114 115 116 
200 201 202 203 204 205 206 207 208 209 210 211 212 213 214 215 216 217 218 219 220 221 222 223 224
start 0
finals 109 112 215 220

transitions:
	1	2	5	a	b	r	z
0	101	102	105	100	200	0	0
100	101	102	105	100	200	100	100
101	102	103	106	101	201	100	100
102	103	104	107	102	202	100	100
103	104	105	108	103	203	100	100
104	105	106	109	104	204	100	100
105	106	107	110	105	205	100	100
106	107	108	111	106	206	100	100
107	108	109	112	107	207	100	100
108	109	110	113	108	208	100	100
109	110	111	114	109	209	109	100
110	111	112	115	110	210	109	100
111	112	113	116	111	211	109	100
112	112	112	112	112	212	112	100
113	113	113	113	113	213	112	100
114	114	114	114	114	214	112	100
115	115	115	115	115	215	112	100
116	116	116	116	116	216	112	100
200	201	202	205	100	200	200	200
201	202	203	206	101	201	200	200
202	203	204	207	102	202	200	200
203	204	205	208	103	203	200	200
204	205	206	209	104	204	200	200
205	206	207	210	105	205	200	200
206	207	208	211	106	206	200	200
207	208	209	212	107	207	200	200
208	209	210	213	108	208	200	200
209	210	211	214	109	209	200	200
210	211	212	215	110	210	200	200
211	212	213	216	111	211	200	200
212	213	214	217	112	212	200	200
213	214	215	218	113	213	200	200
214	215	216	219	114	214	200	200
215	216	217	220	115	215	215	200
216	217	218	221	116	216	215	200
217	218	219	222	217	217	215	200
218	219	220	223	218	218	215	200
219	220	221	224	219	219	215	200
220	220	220	220	220	220	220	200
221	221	221	221	221	221	220	200
222	222	222	222	222	222	220	200
223	223	223	223	223	223	220	200
224	224	224	224	224	224	220	200
%%
